Startup CPU time:        0.066 sec summed across    1 PEs.
         Day, Step number,     CPU time, CPU time change
       0.000,           0,        0.066,        0.066
       0.042,          12,        0.384,        0.318
       0.083,          24,        0.713,        0.329
       0.125,          36,        1.037,        0.324
       0.167,          48,        1.364,        0.327
       0.208,          60,        1.688,        0.324
       0.250,          72,        2.012,        0.324
       0.292,          84,        2.337,        0.325
       0.333,          96,        2.661,        0.324
       0.375,         108,        2.988,        0.327
       0.417,         120,        3.313,        0.325
       0.458,         132,        3.637,        0.324
       0.500,         144,        3.962,        0.325
       0.542,         156,        4.296,        0.334
       0.583,         168,        4.621,        0.325
       0.625,         180,        4.947,        0.326
       0.667,         192,        5.273,        0.326
       0.708,         204,        5.598,        0.325
       0.750,         216,        5.924,        0.326
       0.792,         228,        6.250,        0.326
       0.833,         240,        6.575,        0.325
       0.875,         252,        6.903,        0.328
       0.917,         264,        7.230,        0.327
       0.958,         276,        7.556,        0.326
       1.000,         288,        7.882,        0.326
       1.042,         300,        8.209,        0.327
       1.083,         312,        8.536,        0.327
       1.125,         324,        8.863,        0.327
       1.167,         336,        9.190,        0.327
       1.208,         348,        9.516,        0.326
       1.250,         360,        9.845,        0.329
       1.292,         372,       10.177,        0.332
       1.333,         384,       10.507,        0.330
       1.375,         396,       10.851,        0.344
       1.417,         408,       11.192,        0.341
       1.458,         420,       11.520,        0.328
       1.500,         432,       11.849,        0.329
       1.542,         444,       12.179,        0.330
       1.583,         456,       12.520,        0.341
       1.625,         468,       12.863,        0.343
       1.667,         480,       13.197,        0.334
       1.708,         492,       13.540,        0.343
       1.750,         504,       13.886,        0.346
       1.792,         516,       14.226,        0.340
       1.833,         528,       14.565,        0.339
       1.875,         540,       14.898,        0.333
       1.917,         552,       15.239,        0.341
       1.958,         564,       15.584,        0.345
       2.000,         576,       15.927,        0.343
       2.042,         588,       16.265,        0.338
       2.083,         600,       16.618,        0.353
       2.125,         612,       16.972,        0.354
       2.167,         624,       17.306,        0.334
       2.208,         636,       17.640,        0.334
       2.250,         648,       17.976,        0.336
       2.292,         660,       18.308,        0.332
       2.333,         672,       18.637,        0.329
       2.375,         684,       18.971,        0.334
       2.417,         696,       19.318,        0.347
       2.458,         708,       19.661,        0.343
       2.500,         720,       20.007,        0.346
       2.542,         732,       20.351,        0.344
       2.583,         744,       20.694,        0.343
       2.625,         756,       21.039,        0.345
       2.667,         768,       21.388,        0.349
       2.708,         780,       21.733,        0.345
       2.750,         792,       22.075,        0.342
       2.792,         804,       22.412,        0.337
       2.833,         816,       22.745,        0.333
       2.875,         828,       23.076,        0.331
       2.917,         840,       23.409,        0.333
       2.958,         852,       23.762,        0.353
       3.000,         864,       24.113,        0.351
       3.042,         876,       24.449,        0.336
       3.083,         888,       24.785,        0.336
       3.125,         900,       25.125,        0.340
       3.167,         912,       25.462,        0.337
       3.208,         924,       25.809,        0.347
       3.250,         936,       26.151,        0.342
       3.292,         948,       26.486,        0.335
       3.333,         960,       26.830,        0.344
       3.375,         972,       27.170,        0.340
       3.417,         984,       27.508,        0.338
       3.458,         996,       27.845,        0.337
       3.500,        1008,       28.190,        0.345
       3.542,        1020,       28.528,        0.338
       3.583,        1032,       28.873,        0.345
       3.625,        1044,       29.203,        0.330
       3.667,        1056,       29.545,        0.342
       3.708,        1068,       29.883,        0.338
       3.750,        1080,       30.220,        0.337
       3.792,        1092,       30.569,        0.349
       3.833,        1104,       30.905,        0.336
       3.875,        1116,       31.252,        0.347
       3.917,        1128,       31.591,        0.339
       3.958,        1140,       31.931,        0.340
       4.000,        1152,       32.262,        0.331
