Startup CPU time:        0.084 sec summed across    1 PEs.
         Day, Step number,     CPU time, CPU time change
       0.000,           0,        0.084,        0.084
       0.042,          12,        0.515,        0.431
       0.083,          24,        0.946,        0.431
       0.125,          36,        1.375,        0.429
       0.167,          48,        1.796,        0.421
       0.208,          60,        2.219,        0.423
       0.250,          72,        2.641,        0.422
       0.292,          84,        3.061,        0.420
       0.333,          96,        3.487,        0.426
       0.375,         108,        3.909,        0.422
       0.417,         120,        4.332,        0.423
       0.458,         132,        4.750,        0.418
       0.500,         144,        5.171,        0.421
       0.542,         156,        5.595,        0.424
       0.583,         168,        6.017,        0.422
       0.625,         180,        6.434,        0.417
       0.667,         192,        6.854,        0.420
       0.708,         204,        7.278,        0.424
       0.750,         216,        7.704,        0.426
       0.792,         228,        8.125,        0.421
       0.833,         240,        8.544,        0.419
       0.875,         252,        8.965,        0.421
       0.917,         264,        9.386,        0.421
       0.958,         276,        9.806,        0.420
       1.000,         288,       10.228,        0.422
       1.042,         300,       10.651,        0.423
       1.083,         312,       11.075,        0.424
       1.125,         324,       11.503,        0.428
       1.167,         336,       11.933,        0.430
       1.208,         348,       12.359,        0.426
       1.250,         360,       12.782,        0.423
       1.292,         372,       13.206,        0.424
       1.333,         384,       13.634,        0.428
       1.375,         396,       14.057,        0.423
       1.417,         408,       14.481,        0.424
       1.458,         420,       14.905,        0.424
       1.500,         432,       15.330,        0.425
       1.542,         444,       15.755,        0.425
       1.583,         456,       16.173,        0.418
       1.625,         468,       16.598,        0.425
       1.667,         480,       17.019,        0.421
       1.708,         492,       17.439,        0.420
       1.750,         504,       17.857,        0.418
       1.792,         516,       18.281,        0.424
       1.833,         528,       18.705,        0.424
       1.875,         540,       19.128,        0.423
       1.917,         552,       19.554,        0.426
       1.958,         564,       19.979,        0.425
       2.000,         576,       20.402,        0.423
       2.042,         588,       20.824,        0.422
       2.083,         600,       21.247,        0.423
       2.125,         612,       21.672,        0.425
       2.167,         624,       22.094,        0.422
       2.208,         636,       22.515,        0.421
       2.250,         648,       22.937,        0.422
       2.292,         660,       23.364,        0.427
       2.333,         672,       23.788,        0.424
       2.375,         684,       24.212,        0.424
       2.417,         696,       24.640,        0.428
       2.458,         708,       25.064,        0.424
       2.500,         720,       25.492,        0.428
       2.542,         732,       25.922,        0.430
       2.583,         744,       26.349,        0.427
       2.625,         756,       26.777,        0.428
       2.667,         768,       27.206,        0.429
       2.708,         780,       27.635,        0.429
       2.750,         792,       28.061,        0.426
       2.792,         804,       28.491,        0.430
       2.833,         816,       28.917,        0.426
       2.875,         828,       29.340,        0.423
       2.917,         840,       29.767,        0.427
       2.958,         852,       30.193,        0.426
       3.000,         864,       30.619,        0.426
       3.042,         876,       31.043,        0.424
       3.083,         888,       31.470,        0.427
       3.125,         900,       31.897,        0.427
       3.167,         912,       32.321,        0.424
       3.208,         924,       32.749,        0.428
       3.250,         936,       33.173,        0.424
       3.292,         948,       33.601,        0.428
       3.333,         960,       34.024,        0.423
       3.375,         972,       34.449,        0.425
       3.417,         984,       34.875,        0.426
       3.458,         996,       35.300,        0.425
       3.500,        1008,       35.728,        0.428
       3.542,        1020,       36.152,        0.424
       3.583,        1032,       36.577,        0.425
       3.625,        1044,       37.002,        0.425
       3.667,        1056,       37.427,        0.425
       3.708,        1068,       37.853,        0.426
       3.750,        1080,       38.278,        0.425
       3.792,        1092,       38.704,        0.426
       3.833,        1104,       39.130,        0.426
       3.875,        1116,       39.555,        0.425
       3.917,        1128,       39.978,        0.423
       3.958,        1140,       40.401,        0.423
       4.000,        1152,       40.819,        0.418
