Startup CPU time:        0.085 sec summed across    1 PEs.
         Day, Step number,     CPU time, CPU time change
       0.000,           0,        0.085,        0.085
       0.042,          12,        0.520,        0.435
       0.083,          24,        0.946,        0.426
       0.125,          36,        1.373,        0.427
       0.167,          48,        1.794,        0.421
       0.208,          60,        2.215,        0.421
       0.250,          72,        2.637,        0.422
       0.292,          84,        3.055,        0.418
       0.333,          96,        3.491,        0.436
       0.375,         108,        3.925,        0.434
       0.417,         120,        4.372,        0.447
       0.458,         132,        4.815,        0.443
       0.500,         144,        5.254,        0.439
       0.542,         156,        5.691,        0.437
       0.583,         168,        6.123,        0.432
       0.625,         180,        6.553,        0.430
       0.667,         192,        6.987,        0.434
       0.708,         204,        7.425,        0.438
       0.750,         216,        7.870,        0.445
       0.792,         228,        8.310,        0.440
       0.833,         240,        8.753,        0.443
       0.875,         252,        9.195,        0.442
       0.917,         264,        9.626,        0.431
       0.958,         276,       10.062,        0.436
       1.000,         288,       10.496,        0.434
       1.042,         300,       10.925,        0.429
       1.083,         312,       11.365,        0.440
       1.125,         324,       11.807,        0.442
       1.167,         336,       12.254,        0.447
       1.208,         348,       12.700,        0.446
       1.250,         360,       13.144,        0.444
       1.292,         372,       13.583,        0.439
       1.333,         384,       14.009,        0.426
       1.375,         396,       14.449,        0.440
       1.417,         408,       14.892,        0.443
       1.458,         420,       15.326,        0.434
       1.500,         432,       15.763,        0.437
       1.542,         444,       16.186,        0.423
       1.583,         456,       16.610,        0.424
       1.625,         468,       17.029,        0.419
       1.667,         480,       17.454,        0.425
       1.708,         492,       17.879,        0.425
       1.750,         504,       18.302,        0.423
       1.792,         516,       18.729,        0.427
       1.833,         528,       19.167,        0.438
       1.875,         540,       19.591,        0.424
       1.917,         552,       20.022,        0.431
       1.958,         564,       20.470,        0.448
       2.000,         576,       20.920,        0.450
       2.042,         588,       21.360,        0.440
       2.083,         600,       21.798,        0.438
       2.125,         612,       22.244,        0.446
       2.167,         624,       22.696,        0.452
       2.208,         636,       23.137,        0.441
       2.250,         648,       23.572,        0.435
       2.292,         660,       24.015,        0.443
       2.333,         672,       24.448,        0.433
       2.375,         684,       24.889,        0.441
       2.417,         696,       25.328,        0.439
       2.458,         708,       25.771,        0.443
       2.500,         720,       26.208,        0.437
       2.542,         732,       26.656,        0.448
       2.583,         744,       27.084,        0.428
       2.625,         756,       27.511,        0.427
       2.667,         768,       27.958,        0.447
       2.708,         780,       28.398,        0.440
       2.750,         792,       28.835,        0.437
       2.792,         804,       29.277,        0.442
       2.833,         816,       29.716,        0.439
       2.875,         828,       30.160,        0.444
       2.917,         840,       30.601,        0.441
       2.958,         852,       31.034,        0.433
       3.000,         864,       31.465,        0.431
       3.042,         876,       31.892,        0.427
       3.083,         888,       32.316,        0.424
       3.125,         900,       32.742,        0.426
       3.167,         912,       33.166,        0.424
       3.208,         924,       33.592,        0.426
       3.250,         936,       34.013,        0.421
       3.292,         948,       34.435,        0.422
       3.333,         960,       34.858,        0.423
       3.375,         972,       35.278,        0.420
       3.417,         984,       35.704,        0.426
       3.458,         996,       36.127,        0.423
       3.500,        1008,       36.546,        0.419
       3.542,        1020,       36.969,        0.423
       3.583,        1032,       37.387,        0.418
       3.625,        1044,       37.807,        0.420
       3.667,        1056,       38.227,        0.420
       3.708,        1068,       38.652,        0.425
       3.750,        1080,       39.071,        0.419
       3.792,        1092,       39.492,        0.421
       3.833,        1104,       39.917,        0.425
       3.875,        1116,       40.338,        0.421
       3.917,        1128,       40.763,        0.425
       3.958,        1140,       41.188,        0.425
       4.000,        1152,       41.614,        0.426
