Startup CPU time:        0.088 sec summed across    1 PEs.
         Day, Step number,     CPU time, CPU time change
       0.000,           0,        0.088,        0.088
       0.042,          12,        0.554,        0.466
       0.083,          24,        1.030,        0.476
       0.125,          36,        1.502,        0.472
       0.167,          48,        1.972,        0.470
       0.208,          60,        2.443,        0.471
       0.250,          72,        2.917,        0.474
       0.292,          84,        3.391,        0.474
       0.333,          96,        3.866,        0.475
       0.375,         108,        4.339,        0.473
       0.417,         120,        4.817,        0.478
       0.458,         132,        5.291,        0.474
       0.500,         144,        5.768,        0.477
       0.542,         156,        6.244,        0.476
       0.583,         168,        6.721,        0.477
       0.625,         180,        7.198,        0.477
       0.667,         192,        7.676,        0.478
       0.708,         204,        8.153,        0.477
       0.750,         216,        8.631,        0.478
       0.792,         228,        9.109,        0.478
       0.833,         240,        9.591,        0.482
       0.875,         252,       10.078,        0.487
       0.917,         264,       10.566,        0.488
       0.958,         276,       11.054,        0.488
       1.000,         288,       11.546,        0.492
       1.042,         300,       12.039,        0.493
       1.083,         312,       12.545,        0.506
       1.125,         324,       13.074,        0.529
       1.167,         336,       13.589,        0.515
       1.208,         348,       14.113,        0.524
       1.250,         360,       14.617,        0.504
       1.292,         372,       15.123,        0.506
       1.333,         384,       15.622,        0.499
       1.375,         396,       16.156,        0.534
       1.417,         408,       16.699,        0.543
       1.458,         420,       17.207,        0.508
       1.500,         432,       17.707,        0.500
       1.542,         444,       18.242,        0.535
       1.583,         456,       18.781,        0.539
       1.625,         468,       19.277,        0.496
       1.667,         480,       19.785,        0.508
       1.708,         492,       20.289,        0.504
       1.750,         504,       20.797,        0.508
       1.792,         516,       21.313,        0.516
       1.833,         528,       21.841,        0.528
       1.875,         540,       22.345,        0.504
       1.917,         552,       22.848,        0.503
       1.958,         564,       23.345,        0.497
       2.000,         576,       23.849,        0.504
       2.042,         588,       24.353,        0.504
       2.083,         600,       24.859,        0.506
       2.125,         612,       25.363,        0.504
       2.167,         624,       25.868,        0.505
       2.208,         636,       26.364,        0.496
       2.250,         648,       26.862,        0.498
       2.292,         660,       27.362,        0.500
       2.333,         672,       27.859,        0.497
       2.375,         684,       28.354,        0.495
       2.417,         696,       28.852,        0.498
       2.458,         708,       29.351,        0.499
       2.500,         720,       29.847,        0.496
       2.542,         732,       30.338,        0.491
       2.583,         744,       30.827,        0.489
       2.625,         756,       31.314,        0.487
       2.667,         768,       31.803,        0.489
       2.708,         780,       32.290,        0.487
       2.750,         792,       32.784,        0.494
       2.792,         804,       33.271,        0.487
       2.833,         816,       33.760,        0.489
       2.875,         828,       34.246,        0.486
       2.917,         840,       34.733,        0.487
       2.958,         852,       35.218,        0.485
       3.000,         864,       35.703,        0.485
       3.042,         876,       36.185,        0.482
       3.083,         888,       36.670,        0.485
       3.125,         900,       37.154,        0.484
       3.167,         912,       37.640,        0.486
       3.208,         924,       38.126,        0.486
       3.250,         936,       38.611,        0.485
       3.292,         948,       39.096,        0.485
       3.333,         960,       39.579,        0.483
       3.375,         972,       40.063,        0.484
       3.417,         984,       40.547,        0.484
       3.458,         996,       41.031,        0.484
       3.500,        1008,       41.515,        0.484
       3.542,        1020,       42.003,        0.488
       3.583,        1032,       42.505,        0.502
       3.625,        1044,       43.002,        0.497
       3.667,        1056,       43.498,        0.496
       3.708,        1068,       43.997,        0.499
       3.750,        1080,       44.494,        0.497
       3.792,        1092,       44.997,        0.503
       3.833,        1104,       45.490,        0.493
       3.875,        1116,       45.983,        0.493
       3.917,        1128,       46.499,        0.516
       3.958,        1140,       47.036,        0.537
       4.000,        1152,       47.569,        0.533
